id	routeID
0
1
2	001;002;003;004;005;010;011;012;013;014;015;016;017;018;019;020;021;022;023;024;025;110;111;112;113;114;115;116;117;118;119;120;121;122;123;124;125;050;
3
4
5
6
7
8
9
10	001;002;003;004;005;010;011;012;013;014;015;016;017;018;019;020;021;022;023;024;025;110;111;112;113;114;115;116;117;118;119;120;121;122;123;124;125;
11
12
13
14
15
16
17
18	001;002;003;004;005;010;011;012;013;014;015;016;017;018;019;020;021;022;023;024;025;110;111;112;113;114;115;116;117;118;119;120;121;122;123;124;125;051;
19
20
21
22
23
24
25
26	001;002;003;004;005;010;011;012;013;014;015;016;017;018;019;020;021;022;023;024;025;110;111;112;113;114;115;116;117;118;119;120;121;122;123;124;125;
27
28
29
30
31
32
33
34	001;002;003;004;005;010;011;012;013;014;015;016;017;018;019;020;021;022;023;024;025;110;111;112;113;114;115;116;117;118;119;120;121;122;123;124;125;060;
35
36
37
38
39
40
41
42	001;002;003;004;005;010;011;012;013;014;015;016;017;018;019;020;021;022;023;024;025;110;111;112;113;114;115;116;117;118;119;120;121;122;123;124;125;
43
44
45
46
47
48
48
50	001;002;003;004;005;010;011;012;013;014;015;016;017;018;019;020;021;022;023;024;025;110;111;112;113;114;115;116;117;118;119;120;121;122;123;124;125;060;
51
52
53
54
55
56
57
58	001;002;003;004;005;010;011;012;013;014;015;016;017;018;019;020;021;022;023;024;025;110;111;112;113;114;115;116;117;118;119;120;121;122;123;124;125;
