time	routeID
0
1	001;002
2
3
4
5	101;102
6
7
8
9	201;202
10
11
12
13	001;002
14
15
16
17	101;102
18
19
20
21	201;202
22
23
24
25	001;002
26
27
28
29	101;102
30
31
32
33	201;202
34
35
36
37	001;002
38
39
40
41	101;102
42
43
44
45	201;202
46
47
48
49	001;002
50
51
52
53	101;102
54
55
56
57	201;202
58
59
60
61	001;002
62
63
64
65	101;102
66
67
68
69	201;202
70
71
72
73	001;002
74
75
76
77	101;102
78
79
80
81	201;202
82
83
84
85	001;002
86
87
88
89	101;102
90
91
92
93	201;202
94
95
96
97	001;002
98
99
100
101	101;102
102
103
104
105	201;202
106
107
108
109
110