id	routeID
0
1
2	001;002;003;004;005;006;007;008;009;010;011;012;013;014;015;016;017;018;501;502;
3
4	101;102;103;104;105;106;107;108;109;110;111;112;113;114;115;116;
5
6	201;202;203;204;205;206;207;208;209;210;211;212;213;214;
7
8	301;302;303;304;305;306;307;308;309;310;311;312;
9
10	401;402;403;404;405;406;407;408;409;410;
11
12	001;002;003;004;005;006;007;008;009;010;011;012;013;014;015;016;017;018;
13
14	101;102;103;104;105;106;107;108;109;110;111;112;113;114;115;116;
15
16	201;202;203;204;205;206;207;208;209;210;211;212;213;214;
17
18	301;302;303;304;305;306;307;308;309;310;311;312;
19
20	401;402;403;404;405;406;407;408;409;410;
21
22	001;002;003;004;005;006;007;008;009;010;011;012;013;014;015;016;017;018;
23
24	101;102;103;104;105;106;107;108;109;110;111;112;113;114;115;116;
25
26	201;202;203;204;205;206;207;208;209;210;211;212;213;214;
27
28	301;302;303;304;305;306;307;308;309;310;311;312;
29
30	401;402;403;404;405;406;407;408;409;410;
31
32	001;002;003;004;005;006;007;008;009;010;011;012;013;014;015;016;017;018;
33
34	101;102;103;104;105;106;107;108;109;110;111;112;113;114;115;116;
35
36	201;202;203;204;205;206;207;208;209;210;211;212;213;214;
37
38	301;302;303;304;305;306;307;308;309;310;311;312;
39
40	401;402;403;404;405;406;407;408;409;410;
41
42	001;002;003;004;005;006;007;008;009;010;011;012;013;014;015;016;017;018;
43
44	101;102;103;104;105;106;107;108;109;110;111;112;113;114;115;116;
45
46	201;202;203;204;205;206;207;208;209;210;211;212;213;214;
47
48	301;302;303;304;305;306;307;308;309;310;311;312;
49
50	401;402;403;404;405;406;407;408;409;410;
51
52	001;002;003;004;005;006;007;008;009;010;011;012;013;014;015;016;017;018;
53
54	101;102;103;104;105;106;107;108;109;110;111;112;113;114;115;116;
55
56	201;202;203;204;205;206;207;208;209;210;211;212;213;214;
57
58	301;302;303;304;305;306;307;308;309;310;311;312;
59
60	401;402;403;404;405;406;407;408;409;410;
61
62	001;002;003;004;005;006;007;008;009;010;011;012;013;014;015;016;017;018;
63
64	101;102;103;104;105;106;107;108;109;110;111;112;113;114;115;116;
65
66	201;202;203;204;205;206;207;208;209;210;211;212;213;214;
67
68	301;302;303;304;305;306;307;308;309;310;311;312;
69
70	401;402;403;404;405;406;407;408;409;410;
71
72	001;002;003;004;005;006;007;008;009;010;011;012;013;014;015;016;017;018;
73
74	101;102;103;104;105;106;107;108;109;110;111;112;113;114;115;116;
75
76	201;202;203;204;205;206;207;208;209;210;211;212;213;214;
77
78	301;302;303;304;305;306;307;308;309;310;311;312;
79
80	401;402;403;404;405;406;407;408;409;410;
81
82	001;002;003;004;005;006;007;008;009;010;011;012;013;014;015;016;017;018;
83
84	101;102;103;104;105;106;107;108;109;110;111;112;113;114;115;116;
85
86	201;202;203;204;205;206;207;208;209;210;211;212;213;214;501;502;
87
88	301;302;303;304;305;306;307;308;309;310;311;312;
89
90	401;402;403;404;405;406;407;408;409;410;
91
92	001;002;003;004;005;006;007;008;009;010;011;012;013;014;015;016;017;018;
93
94	101;102;103;104;105;106;107;108;109;110;111;112;113;114;115;116;
95
96	201;202;203;204;205;206;207;208;209;210;211;212;213;214;
97
98	301;302;303;304;305;306;307;308;309;310;311;312;
99
100	401;402;403;404;405;406;407;408;409;410;
101
102	001;002;003;004;005;006;007;008;009;010;011;012;013;014;015;016;017;018;
103
104	101;102;103;104;105;106;107;108;109;110;111;112;113;114;115;116;
105
106	201;202;203;204;205;206;207;208;209;210;211;212;213;214;
107
108	301;302;303;304;305;306;307;308;309;310;311;312;
109
110	401;402;403;404;405;406;407;408;409;410;
111
112	001;002;003;004;005;006;007;008;009;010;011;012;013;014;015;016;017;018;
113
114	101;102;103;104;105;106;107;108;109;110;111;112;113;114;115;116;
115
116	201;202;203;204;205;206;207;208;209;210;211;212;213;214;
117
118	301;302;303;304;305;306;307;308;309;310;311;312;
119
120	401;402;403;404;405;406;407;408;409;410;
121
122	001;002;003;004;005;006;007;008;009;010;011;012;013;014;015;016;017;018;
123
124	101;102;103;104;105;106;107;108;109;110;111;112;113;114;115;116;
125
126	201;202;203;204;205;206;207;208;209;210;211;212;213;214;
127
128	301;302;303;304;305;306;307;308;309;310;311;312;
129
130	401;402;403;404;405;406;407;408;409;410;
131
132	001;002;003;004;005;006;007;008;009;010;011;012;013;014;015;016;017;018;
133
134	101;102;103;104;105;106;107;108;109;110;111;112;113;114;115;116;
135
136	201;202;203;204;205;206;207;208;209;210;211;212;213;214;
137
138	301;302;303;304;305;306;307;308;309;310;311;312;
139
140	401;402;403;404;405;406;407;408;409;410;
141
142	001;002;003;004;005;006;007;008;009;010;011;012;013;014;015;016;017;018;
143
144	101;102;103;104;105;106;107;108;109;110;111;112;113;114;115;116;
145
146	201;202;203;204;205;206;207;208;209;210;211;212;213;214;
147
148	301;302;303;304;305;306;307;308;309;310;311;312;
149