time	routeID
0
1	005;103;204;301
2
3
4
5	001;104;202;305
6
7
8
9	004;101;205;302
10
11
12
13	004;102;205;301
14
15
16
17	001;101;201;302
18
19
20
21	003;103;205;304
22
23
24
25	003;104;205;305
26
27
28
29	004;102;203;303
30
31
32
33	002;104;205;303
34
35
36
37	003;103;202;304
38
39
40
41	002;102;201;305
42
43
44
45	003;105;204;304
46
47
48
49	002;103;205;302
50
51
52
53	003;102;204;305
54
55
56
57	001;102;205;302
58
59
60
61	001;105;203;301
62
63
64
65	001;102;204;304
66
67
68
69	003;102;202;302
70
71
72
73	003;101;202;304
74
75
76
77	002;101;203;303
78
79
80
81	003;104;201;301
82
83
84
85	002;103;202;305
86
87
88
89	004;105;203;305
90
91
92
93